Table of 2: [2, 4, 6, 8, 10, 12, 14, 16, 18, 20] 
Table of 7: [7, 14, 21, 28, 35, 42, 49, 56, 63, 70] 
Table of 9: [9, 18, 27, 36, 45, 54, 63, 72, 81, 90] 
Table of 13: [13, 26, 39, 52, 65, 78, 91, 104, 117, 130] 
Table of 17: [17, 34, 51, 68, 85, 102, 119, 136, 153, 170] 
Table of 19: [19, 38, 57, 76, 95, 114, 133, 152, 171, 190] 
Table of 21: [21, 42, 63, 84, 105, 126, 147, 168, 189, 210] 
Table of 23: [23, 46, 69, 92, 115, 138, 161, 184, 207, 230] 
Table of 27: [27, 54, 81, 108, 135, 162, 189, 216, 243, 270] 
Table of 31: [31, 62, 93, 124, 155, 186, 217, 248, 279, 310] 
Table of 39: [39, 78, 117, 156, 195, 234, 273, 312, 351, 390] 
Table of 43: [43, 86, 129, 172, 215, 258, 301, 344, 387, 430] 
Table of 47: [47, 94, 141, 188, 235, 282, 329, 376, 423, 470] 
Table of 51: [51, 102, 153, 204, 255, 306, 357, 408, 459, 510] 
Table of 57: [57, 114, 171, 228, 285, 342, 399, 456, 513, 570] 
Table of 59: [59, 118, 177, 236, 295, 354, 413, 472, 531, 590] 
Table of 67: [67, 134, 201, 268, 335, 402, 469, 536, 603, 670] 
Table of 69: [69, 138, 207, 276, 345, 414, 483, 552, 621, 690] 
Table of 73: [73, 146, 219, 292, 365, 438, 511, 584, 657, 730] 
Table of 79: [79, 158, 237, 316, 395, 474, 553, 632, 711, 790] 
Table of 89: [89, 178, 267, 356, 445, 534, 623, 712, 801, 890] 
Table of 97: [97, 194, 291, 388, 485, 582, 679, 776, 873, 970] 
Table of 678: [678, 1356, 2034, 2712, 3390, 4068, 4746, 5424, 6102, 6780] 
